0 0.0684375 0.5136025 0.019375000000000003 0.027205000000000052
0 0.1075 0.6758915 0.03125 0.014071000000000111
0 0.19 0.5009380000000001 0.013749999999999984 0.016886000000000095
0 0.27156250000000004 0.5905255 0.023125000000000007 0.02720499999999997
0 0.4265625 0.5272045 0.015625 0.018761000000000076
0 0.4565625 0.6969985 0.03187499999999999 0.013133000000000053
0 0.47843749999999996 0.621951 0.02437499999999998 0.016886000000000012
0 0.49374999999999997 0.5 0.016249999999999987 0.01876200000000013
0 0.6046875 0.47983099999999995 0.015625 0.014072000000000084
0 0.69625 0.8747655000000001 0.036250000000000004 0.015946999999999815
0 0.72375 0.5942780000000001 0.022499999999999964 0.023451999999999928
0 0.778125 0.5759850000000001 0.01375000000000004 0.013134000000000107
0 0.8121875 0.6454035 0.02562500000000001 0.01688500000000004
0 0.9765625 0.43480299999999994 0.024375000000000036 0.019700000000000023