0 0.641875 0.8970834999999999 0.135 0.150833
0 0.2790625 0.48083349999999997 0.12062499999999998 0.14333300000000002
0 0.285625 0.6091665 0.1175 0.14166700000000007
0 0.290625 0.7358335 0.11000000000000001 0.14333300000000002
0 0.2971875 0.8608335 0.109375 0.141667
0 0.303125 0.9583335000000001 0.11374999999999999 0.08166700000000009
0 0.4528125 0.433333 0.12437500000000001 0.14499999999999993
0 0.45906250000000004 0.562917 0.13187500000000002 0.13749999999999996
0 0.4621875 0.6954165 0.138125 0.14416699999999993
0 0.4703125 0.8158335 0.13562499999999994 0.14833300000000005
0 0.4778125 0.93125 0.13562500000000005 0.134166
0 0.6065625 0.3833335 0.13937500000000003 0.15166700000000002
0 0.6140625 0.5083335 0.13687499999999997 0.15333299999999994
0 0.6209374999999999 0.63 0.13687499999999997 0.141666
0 0.6271875 0.7625000000000001 0.13187499999999996 0.14166599999999985
0 0.7503124999999999 0.3204165 0.13812499999999994 0.16416700000000004
0 0.7562500000000001 0.4437499999999999 0.12875000000000003 0.13749999999999996
0 0.7659375 0.568333 0.130625 0.15000000000000005
0 0.7696875 0.6975000000000001 0.130625 0.14666599999999988
0 0.77 0.8283335 0.125 0.13333300000000006
0 0.77 0.95375 0.12250000000000005 0.09083400000000008
0 0.89125 0.229583 0.125 0.1475
0 0.8953125 0.39833300000000005 0.130625 0.15500000000000003
0 0.9009375 0.56625 0.13687499999999997 0.160834
0 0.909375 0.72125 0.13249999999999995 0.1741659999999999
0 0.9190625 0.8720835 0.13687500000000008 0.11916700000000002